-41.1106
-65.1838
-74.8224
-74.7357
-74.6813
-74.6896
-74.7623
-75.3464
-76.3461
-76.5688
-77.2017
-77.4258
-77.1252
-76.7328
-75.5416
-74.3295
-73.0537
-72.039
-70.5743
-68.7324
-67.7157
-67.448
-66.2467
-65.6707
-66.5497
-67.9893
-69.9899
-71.6786
-71.1877
-70.6963
-71.778
-72.2212
-70.8925
-70.7813
-72.8269
-73.9035
-73.2018
-56.7041
-32.917
-27.8295
-27.2255
-28.1039
-27.3276
-28.3938
-34.0157
-51.6998
-36.1495
-28.1428
-26.7589
-24.0629
-20.5015
-18.2778
-17.8222
-19.5066
-21.9627
-24.1237
-27.4358
-32.36
-43.2814
-49.4752
-60.2056
-55.9329
-54.7693
-51.3491
-44.3932
-41.4065
-36.9311
-29.4583
-25.5709
-24.4095
-24.1426
-24.6165
-27.5183
-32.2186
-33.7002
-36.5182
-42.9794
-62.0877
-70.3083
-71.2068
-72.5276
-38.445
-35.2742
-35.933
-36.734
-36.5702
-35.9841
-34.2417
-33.2853
-34.2181
-38.3171
-53.7579
-61.8061
-45.2363
-30.249
-25.678
-23.8533
-24.9323
-29.3238
-32.0139
-31.3398
-31.1994
-31.214
-31.3495
-31.8892
-32.3984
-32.6618
-31.2779
-27.464
-24.953
-23.9275
-23.6042
-23.6944
-24.8319
-28.9935
-42.5708
-49.6927
-48.4271
-42.8286
-35.6741
-33.2842
-33.1062
-33.9545
-37.2429
-44.5155
-36.0766
-33.6212
-35.486
-38.8507
-41.3359
-42.4959
-32.5241
-28.0459
-26.3117
-26.8536
-29.9247
-32.1791
-31.6806
-32.0117
-33.915
-39.0429
-43.1576
-33.5669
-30.2031
-31.3631
-36.7425
-42.7971
-46.7402
-65.4346
-71.7342
-74.9565
-76.0101
-41.274
-37.513
-34.2785
-31.127
-30.0433
-28.6025
-26.1784
-25.0298
-25.5666
-26.5282
-27.3501
-27.9131
-27.9903
-28.7231
-29.5466
-30.5094
-31.6147
-32.6719
-34.2934
-35.2809
-35.0153
-34.9037
-34.9534
-35.3111
-35.8155
-36.6819
-38.6499
-41.1976
-44.9989
-45.9244
-42.1898
-41.3828
-41.9113
-41.3586
-42.145
-45.0902
-48.3428
-57.3011
-65.0459
-69.8148
-73.1797
-75.8206
-77.0398
-77.1392
-77.5809
-76.9228
-41.1106
-65.1838
-74.8224
-74.7357
-74.6813
-74.6896
-74.7623
-75.3464
-76.3461
-76.5688
-77.2017
-77.4258
-77.1252
-76.7328
-75.5416
-74.3295
-73.0537
-72.039
-70.5743
-68.7324
-67.7157
-67.448
-66.2467
-65.6707
-66.5497
-67.9893
-69.9899
-71.6786
-71.1877
-70.6963
-71.778
-72.2212
-70.8925
-70.7813
-72.8269
-73.9035
-73.2018
-56.7041
-32.917
-27.8295
-27.2255
-28.1039
-27.3276
-28.3938
-34.0157
-51.6998
-36.1495
-28.1428
-26.7589
-24.0629
-20.5015
-18.2778
-17.8222
-19.5066
-21.9627
-24.1237
-27.4358
-32.36
-43.2814
-49.4752
-60.2056
-55.9329
-54.7693
-51.3491
-44.3932
-41.4065
-36.9311
-29.4583
-25.5709
-24.4095
-24.1426
-24.6165
-27.5183
-32.2186
-33.7002
-36.5182
-42.9794
-62.0877
-70.3083
-71.2068
-72.5276
-38.445
-35.2742
-35.933
-36.734
-36.5702
-35.9841
-34.2417
-33.2853
-34.2181
-38.3171
-53.7579
-61.8061
-45.2363
-30.249
-25.678
-23.8533
-24.9323
-29.3238
-32.0139
-31.3398
-31.1994
-31.214
-31.3495
-31.8892
-32.3984
-32.6618
-31.2779
-27.464
-24.953
-23.9275
-23.6042
-23.6944
-24.8319
-28.9935
-42.5708
-49.6927
-48.4271
-42.8286
-35.6741
-33.2842
-33.1062
-33.9545
-37.2429
-44.5155
-36.0766
-33.6212
-35.486
-38.8507
-41.3359
-42.4959
-32.5241
-28.0459
-26.3117
-26.8536
-29.9247
-32.1791
-31.6806
-32.0117
-33.915
-39.0429
-43.1576
-33.5669
-30.2031
-31.3631
-36.7425
-42.7971
-46.7402
-65.4346
-71.7342
-74.9565
-76.0101
-41.274
-37.513
-34.2785
-31.127
-30.0433
-28.6025
-26.1784
-25.0298
-25.5666
-26.5282
-27.3501
-27.9131
-27.9903
-28.7231
-29.5466
-30.5094
-31.6147
-32.6719
-34.2934
-35.2809
-35.0153
-34.9037
-34.9534
-35.3111
-35.8155
-36.6819
-38.6499
-41.1976
-44.9989
-45.9244
-42.1898
-41.3828
-41.9113
-41.3586
-42.145
-45.0902
-48.3428
-57.3011
-65.0459
-69.8148
-73.1797
-75.8206
-77.0398
-77.1392
-77.5809
-76.9228
-52.7179
-75.3055
-79.0811
-78.5398
-78.5789
-79.3115
-78.3815
-79.5666
-80.0412
-80.9021
-80.6852
-81.8275
-80.8412
-81.1245
-79.3627
-78.9946
-76.7518
-76.3004
-75.4333
-72.4133
-72.2482
-70.9556
-71.2846
-68.4037
-71.4402
-72.2318
-74.2048
-75.3916
-75.2552
-74.8433
-75.9662
-76.2731
-74.7345
-73.8566
-77.7277
-78.4279
-78.6052
-71.9748
-38.4707
-32.8753
-29.863
-32.6348
-31.7447
-30.8477
-45.8552
-59.8936
-52.4632
-32.1397
-30.5875
-29.0038
-24.6378
-21.9839
-21.5334
-23.9311
-25.8492
-28.392
-31.431
-38.3719
-47.5685
-56.0019
-62.1482
-57.7479
-60.28
-57.0676
-48.5768
-45.2115
-42.8083
-35.1241
-28.8416
-28.5595
-27.9865
-28.3939
-32.0188
-37.5211
-37.4813
-40.3442
-50.2888
-71.7027
-74.1584
-74.7886
-77.5943
-44.7797
-38.2296
-40.1498
-40.5227
-40.8637
-40.8546
-37.5052
-37.9033
-36.9531
-45.4663
-66.1172
-72.6101
-54.7459
-35.9683
-29.9788
-27.372
-28.7385
-34.6101
-35.7561
-35.3146
-35.2166
-35.1944
-35.4171
-35.9976
-36.3507
-36.718
-35.7862
-31.7489
-29.042
-27.8017
-27.4548
-27.5358
-28.5673
-34.8433
-50.4823
-53.8748
-51.5213
-53.9702
-38.3225
-37.8702
-36.8985
-37.9325
-41.2997
-51.9751
-46.4753
-35.7765
-40.3764
-43.7041
-44.5783
-48.7301
-36.9254
-32.613
-29.8043
-30.859
-34.6643
-35.9657
-35.6006
-35.8456
-37.5446
-46.5671
-48.3095
-39.0961
-32.5406
-37.1767
-41.9274
-47.3063
-50.5192
-72.6816
-76.8085
-79.9534
-79.114
-57.9288
-39.7568
-38.4041
-35.7882
-33.653
-33.39
-29.9632
-28.8244
-29.5405
-30.5228
-31.4874
-32.0808
-31.9535
-32.4935
-33.8055
-34.6745
-35.393
-36.6027
-38.195
-40.4601
-38.7991
-38.8612
-39.0182
-39.2777
-39.808
-40.5018
-42.7808
-45.264
-50.2826
-55.4737
-44.9398
-45.1232
-45.8075
-45.755
-45.9536
-49.0946
-53.9037
-64.6254
-68.0245
-75.7961
-76.8706
-81.3048
-80.5858
-81.2351
-82.2701
-80.4753
-52.7179
-75.3055
-79.0811
-78.5398
-78.5789
-79.3115
-78.3815
-79.5666
-80.0412
-80.9021
-80.6852
-81.8275
-80.8412
-81.1245
-79.3627
-78.9946
-76.7518
-76.3004
-75.4333
-72.4133
-72.2482
-70.9556
-71.2846
-68.4037
-71.4402
-72.2318
-74.2048
-75.3916
-75.2552
-74.8433
-75.9662
-76.2731
-74.7345
-73.8566
-77.7277
-78.4279
-78.6052
-71.9748
-38.4707
-32.8753
-29.863
-32.6348
-31.7447
-30.8477
-45.8552
-59.8936
-52.4632
-32.1397
-30.5875
-29.0038
-24.6378
-21.9839
-21.5334
-23.9311
-25.8492
-28.392
-31.431
-38.3719
-47.5685
-56.0019
-62.1482
-57.7479
-60.28
-57.0676
-48.5768
-45.2115
-42.8083
-35.1241
-28.8416
-28.5595
-27.9865
-28.3939
-32.0188
-37.5211
-37.4813
-40.3442
-50.2888
-71.7027
-74.1584
-74.7886
-77.5943
-44.7797
-38.2296
-40.1498
-40.5227
-40.8637
-40.8546
-37.5052
-37.9033
-36.9531
-45.4663
-66.1172
-72.6101
-54.7459
-35.9683
-29.9788
-27.372
-28.7385
-34.6101
-35.7561
-35.3146
-35.2166
-35.1944
-35.4171
-35.9976
-36.3507
-36.718
-35.7862
-31.7489
-29.042
-27.8017
-27.4548
-27.5358
-28.5673
-34.8433
-50.4823
-53.8748
-51.5213
-53.9702
-38.3225
-37.8702
-36.8985
-37.9325
-41.2997
-51.9751
-46.4753
-35.7765
-40.3764
-43.7041
-44.5783
-48.7301
-36.9254
-32.613
-29.8043
-30.859
-34.6643
-35.9657
-35.6006
-35.8456
-37.5446
-46.5671
-48.3095
-39.0961
-32.5406
-37.1767
-41.9274
-47.3063
-50.5192
-72.6816
-76.8085
-79.9534
-79.114
-57.9288
-39.7568
-38.4041
-35.7882
-33.653
-33.39
-29.9632
-28.8244
-29.5405
-30.5228
-31.4874
-32.0808
-31.9535
-32.4935
-33.8055
-34.6745
-35.393
-36.6027
-38.195
-40.4601
-38.7991
-38.8612
-39.0182
-39.2777
-39.808
-40.5018
-42.7808
-45.264
-50.2826
-55.4737
-44.9398
-45.1232
-45.8075
-45.755
-45.9536
-49.0946
-53.9037
-64.6254
-68.0245
-75.7961
-76.8706
-81.3048
-80.5858
-81.2351
-82.2701
-80.4753
-52.7179
-75.3055
-79.0811
-78.5398
-78.5789
-79.3115
-78.3815
-79.5666
-80.0412
-80.9021
-80.6852
-81.8275
-80.8412
-81.1245
-79.3627
-78.9946
-76.7518
-76.3004
-75.4333
-72.4133
-72.2482
-70.9556
-71.2846
-68.4037
-71.4402
-72.2318
-74.2048
-75.3916
-75.2552
-74.8433
-75.9662
-76.2731
-74.7345
-73.8566
-77.7277
-78.4279
-78.6052
-71.9748
-38.4707
-32.8753
-29.863
-32.6348
-31.7447
-30.8477
-45.8552
-59.8936
-52.4632
-32.1397
-30.5875
-29.0038
-24.6378
-21.9839
-21.5334
-23.9311
-25.8492
-28.392
-31.431
-38.3719
-47.5685
-56.0019
-62.1482
-57.7479
-60.28
-57.0676
-48.5768
-45.2115
-42.8083
-35.1241
-28.8416
-28.5595
-27.9865
-28.3939
-32.0188
-37.5211
-37.4813
-40.3442
-50.2888
-71.7027
-74.1584
-74.7886
-77.5943
-44.7797
-38.2296
-40.1498
-40.5227
-40.8637
-40.8546
-37.5052
-37.9033
-36.9531
-45.4663
-66.1172
-72.6101
-54.7459
-35.9683
-29.9788
-27.372
-28.7385
-34.6101
-35.7561
-35.3146
-35.2166
-35.1944
-35.4171
-35.9976
-36.3507
-36.718
-35.7862
-31.7489
-29.042
-27.8017
-27.4548
-27.5358
-28.5673
-34.8433
-50.4823
-53.8748
-51.5213
-53.9702
-38.3225
-37.8702
-36.8985
-37.9325
-41.2997
-51.9751
-46.4753
-35.7765
-40.3764
-43.7041
-44.5783
-48.7301
-36.9254
-32.613
-29.8043
-30.859
-34.6643
-35.9657
-35.6006
-35.8456
-37.5446
-46.5671
-48.3095
-39.0961
-32.5406
-37.1767
-41.9274
-47.3063
-50.5192
-72.6816
-76.8085
-79.9534
-79.114
-57.9288
-39.7568
-38.4041
-35.7882
-33.653
-33.39
-29.9632
-28.8244
-29.5405
-30.5228
-31.4874
-32.0808
-31.9535
-32.4935
-33.8055
-34.6745
-35.393
-36.6027
-38.195
-40.4601
-38.7991
-38.8612
-39.0182
-39.2777
-39.808
-40.5018
-42.7808
-45.264
-50.2826
-55.4737
-44.9398
-45.1232
-45.8075
-45.755
-45.9536
-49.0946
-53.9037
-64.6254
-68.0245
-75.7961
-76.8706
-81.3048
-80.5858
-81.2351
-82.2701
-80.4753
