0.992195
0.927665
0.636856
0.658538
0.701606
0.675578
0.64543
0.618149
0.550826
0.548746
0.498085
0.433757
0.460245
0.49071
0.597698
0.693068
0.713878
0.737973
0.772731
0.807132
0.807052
0.792298
0.809773
0.828888
0.816091
0.792227
0.800214
0.794224
0.810222
0.826552
0.738038
0.615645
0.641459
0.573871
0.534611
0.725633
0.771891
0.446301
0.908585
0.924677
0.918438
0.907782
0.930594
0.945902
0.943281
0.987694
0.496655
-0.228905
0.00670644
0.883458
0.963536
0.965608
0.963201
0.954801
0.95368
0.942219
0.929305
0.90986
0.985848
0.975743
0.899563
0.895106
0.920782
0.980355
0.989986
0.988385
0.979648
0.968088
0.973812
0.969703
0.962204
0.965912
0.960224
0.984111
0.992156
0.992078
0.991379
0.951133
0.868236
0.853038
0.817884
0.311777
0.0693917
-0.320847
-0.529671
-0.582335
-0.699577
-0.749562
-0.728367
-0.638091
-0.506682
0.597503
0.753887
0.816901
0.970839
0.972567
0.966457
0.966667
0.973229
0.994027
0.995396
0.995718
0.994546
0.994367
0.994673
0.994477
0.992383
0.988604
0.981072
0.981508
0.977979
0.979084
0.982303
0.980627
0.98034
0.850707
-0.326096
-0.326812
0.746421
0.97477
0.991427
0.995201
0.99633
0.992615
0.989832
0.641475
0.558731
0.532223
0.717179
0.810599
0.872659
0.974888
0.949206
0.933807
0.94052
0.959188
0.994144
0.995432
0.995672
0.996241
0.988135
0.685869
0.0509934
-0.0621006
0.0158728
0.353495
0.377095
0.771706
0.760121
0.833669
0.623384
0.565129
0.836373
0.862278
0.909483
0.936322
0.945208
0.940139
0.938358
0.936954
0.943229
0.949061
0.950142
0.959264
0.962432
0.968226
0.976305
0.979379
0.98688
0.988594
0.992502
0.994322
0.995592
0.995672
0.99613
0.995725
0.994911
0.996262
0.99343
0.982446
0.94847
-0.536133
-0.78529
-0.772002
-0.73585
-0.752793
-0.741918
-0.649445
-0.578617
-0.284793
0.576369
0.878332
0.791026
0.603617
0.45937
0.477147
0.417519
0.458617
0.992195
0.927665
0.636856
0.658538
0.701606
0.675578
0.64543
0.618149
0.550826
0.548746
0.498085
0.433757
0.460245
0.49071
0.597698
0.693068
0.713878
0.737973
0.772731
0.807132
0.807052
0.792298
0.809773
0.828888
0.816091
0.792227
0.800214
0.794224
0.810222
0.826552
0.738038
0.615645
0.641459
0.573871
0.534611
0.725633
0.771891
0.446301
0.908585
0.924677
0.918438
0.907782
0.930594
0.945902
0.943281
0.987694
0.496655
-0.228905
0.00670644
0.883458
0.963536
0.965608
0.963201
0.954801
0.95368
0.942219
0.929305
0.90986
0.985848
0.975743
0.899563
0.895106
0.920782
0.980355
0.989986
0.988385
0.979648
0.968088
0.973812
0.969703
0.962204
0.965912
0.960224
0.984111
0.992156
0.992078
0.991379
0.951133
0.868236
0.853038
0.817884
0.311777
0.0693917
-0.320847
-0.529671
-0.582335
-0.699577
-0.749562
-0.728367
-0.638091
-0.506682
0.597503
0.753887
0.816901
0.970839
0.972567
0.966457
0.966667
0.973229
0.994027
0.995396
0.995718
0.994546
0.994367
0.994673
0.994477
0.992383
0.988604
0.981072
0.981508
0.977979
0.979084
0.982303
0.980627
0.98034
0.850707
-0.326096
-0.326812
0.746421
0.97477
0.991427
0.995201
0.99633
0.992615
0.989832
0.641475
0.558731
0.532223
0.717179
0.810599
0.872659
0.974888
0.949206
0.933807
0.94052
0.959188
0.994144
0.995432
0.995672
0.996241
0.988135
0.685869
0.0509934
-0.0621006
0.0158728
0.353495
0.377095
0.771706
0.760121
0.833669
0.623384
0.565129
0.836373
0.862278
0.909483
0.936322
0.945208
0.940139
0.938358
0.936954
0.943229
0.949061
0.950142
0.959264
0.962432
0.968226
0.976305
0.979379
0.98688
0.988594
0.992502
0.994322
0.995592
0.995672
0.99613
0.995725
0.994911
0.996262
0.99343
0.982446
0.94847
-0.536133
-0.78529
-0.772002
-0.73585
-0.752793
-0.741918
-0.649445
-0.578617
-0.284793
0.576369
0.878332
0.791026
0.603617
0.45937
0.477147
0.417519
0.458617
0.99727
0.818974
0.633421
0.683581
0.695945
0.632909
0.680506
0.586451
0.572699
0.542869
0.505822
0.442737
0.517885
0.399202
0.616415
0.653455
0.727774
0.749667
0.742771
0.816635
0.799485
0.796548
0.811054
0.827603
0.798546
0.786991
0.822691
0.796034
0.800545
0.817257
0.814732
0.545441
0.775211
0.425926
0.712895
0.685945
0.71869
0.739284
0.880336
0.933216
0.919708
0.916662
0.929543
0.953303
0.940248
0.989994
0.477226
-0.0533768
-0.228263
0.957254
0.963226
0.968022
0.963257
0.953487
0.956925
0.945804
0.914004
0.953947
0.991202
0.979936
0.873918
0.895869
0.960052
0.978391
0.989702
0.990962
0.985963
0.983673
0.980789
0.972003
0.968154
0.965231
0.967918
0.992083
0.992994
0.993711
0.989996
0.924676
0.875532
0.874696
0.778202
0.521616
0.0794579
-0.428918
-0.499732
-0.543629
-0.68848
-0.788395
-0.719751
-0.660707
-0.04126
0.568271
0.767018
0.778677
0.968185
0.974304
0.965798
0.967987
0.97854
0.996716
0.996798
0.996883
0.996742
0.996685
0.996741
0.996709
0.99671
0.990799
0.983761
0.982541
0.981069
0.982399
0.984954
0.984777
0.978363
0.724576
-0.454681
-0.333153
0.278402
0.975421
0.994211
0.996521
0.996617
0.99552
0.984432
0.714847
0.528571
0.610007
0.729545
0.829731
0.848832
0.981517
0.959896
0.930701
0.941067
0.963074
0.996235
0.996438
0.99627
0.996697
0.98481
0.875492
0.0960081
-0.0459338
0.0380777
0.449189
0.119478
0.828577
0.917144
0.78816
0.499833
0.651734
0.746736
0.861279
0.89708
0.938702
0.95006
0.937948
0.94006
0.940194
0.944932
0.951267
0.956116
0.961992
0.964773
0.970511
0.976841
0.982688
0.988211
0.990981
0.993798
0.996807
0.997075
0.997351
0.997181
0.997397
0.997366
0.997253
0.997091
0.97769
0.983543
-0.514744
-0.795956
-0.770544
-0.736155
-0.745017
-0.751331
-0.635904
-0.508132
-0.125161
0.799495
0.828742
0.803077
0.43909
0.507232
0.450492
0.348137
0.476613
0.99727
0.818974
0.633421
0.683581
0.695945
0.632909
0.680506
0.586451
0.572699
0.542869
0.505822
0.442737
0.517885
0.399202
0.616415
0.653455
0.727774
0.749667
0.742771
0.816635
0.799485
0.796548
0.811054
0.827603
0.798546
0.786991
0.822691
0.796034
0.800545
0.817257
0.814732
0.545441
0.775211
0.425926
0.712895
0.685945
0.71869
0.739284
0.880336
0.933216
0.919708
0.916662
0.929543
0.953303
0.940248
0.989994
0.477226
-0.0533768
-0.228263
0.957254
0.963226
0.968022
0.963257
0.953487
0.956925
0.945804
0.914004
0.953947
0.991202
0.979936
0.873918
0.895869
0.960052
0.978391
0.989702
0.990962
0.985963
0.983673
0.980789
0.972003
0.968154
0.965231
0.967918
0.992083
0.992994
0.993711
0.989996
0.924676
0.875532
0.874696
0.778202
0.521616
0.0794579
-0.428918
-0.499732
-0.543629
-0.68848
-0.788395
-0.719751
-0.660707
-0.04126
0.568271
0.767018
0.778677
0.968185
0.974304
0.965798
0.967987
0.97854
0.996716
0.996798
0.996883
0.996742
0.996685
0.996741
0.996709
0.99671
0.990799
0.983761
0.982541
0.981069
0.982399
0.984954
0.984777
0.978363
0.724576
-0.454681
-0.333153
0.278402
0.975421
0.994211
0.996521
0.996617
0.99552
0.984432
0.714847
0.528571
0.610007
0.729545
0.829731
0.848832
0.981517
0.959896
0.930701
0.941067
0.963074
0.996235
0.996438
0.99627
0.996697
0.98481
0.875492
0.0960081
-0.0459338
0.0380777
0.449189
0.119478
0.828577
0.917144
0.78816
0.499833
0.651734
0.746736
0.861279
0.89708
0.938702
0.95006
0.937948
0.94006
0.940194
0.944932
0.951267
0.956116
0.961992
0.964773
0.970511
0.976841
0.982688
0.988211
0.990981
0.993798
0.996807
0.997075
0.997351
0.997181
0.997397
0.997366
0.997253
0.997091
0.97769
0.983543
-0.514744
-0.795956
-0.770544
-0.736155
-0.745017
-0.751331
-0.635904
-0.508132
-0.125161
0.799495
0.828742
0.803077
0.43909
0.507232
0.450492
0.348137
0.476613
0.99727
0.818974
0.633421
0.683581
0.695945
0.632909
0.680506
0.586451
0.572699
0.542869
0.505822
0.442737
0.517885
0.399202
0.616415
0.653455
0.727774
0.749667
0.742771
0.816635
0.799485
0.796548
0.811054
0.827603
0.798546
0.786991
0.822691
0.796034
0.800545
0.817257
0.814732
0.545441
0.775211
0.425926
0.712895
0.685945
0.71869
0.739284
0.880336
0.933216
0.919708
0.916662
0.929543
0.953303
0.940248
0.989994
0.477226
-0.0533768
-0.228263
0.957254
0.963226
0.968022
0.963257
0.953487
0.956925
0.945804
0.914004
0.953947
0.991202
0.979936
0.873918
0.895869
0.960052
0.978391
0.989702
0.990962
0.985963
0.983673
0.980789
0.972003
0.968154
0.965231
0.967918
0.992083
0.992994
0.993711
0.989996
0.924676
0.875532
0.874696
0.778202
0.521616
0.0794579
-0.428918
-0.499732
-0.543629
-0.68848
-0.788395
-0.719751
-0.660707
-0.04126
0.568271
0.767018
0.778677
0.968185
0.974304
0.965798
0.967987
0.97854
0.996716
0.996798
0.996883
0.996742
0.996685
0.996741
0.996709
0.99671
0.990799
0.983761
0.982541
0.981069
0.982399
0.984954
0.984777
0.978363
0.724576
-0.454681
-0.333153
0.278402
0.975421
0.994211
0.996521
0.996617
0.99552
0.984432
0.714847
0.528571
0.610007
0.729545
0.829731
0.848832
0.981517
0.959896
0.930701
0.941067
0.963074
0.996235
0.996438
0.99627
0.996697
0.98481
0.875492
0.0960081
-0.0459338
0.0380777
0.449189
0.119478
0.828577
0.917144
0.78816
0.499833
0.651734
0.746736
0.861279
0.89708
0.938702
0.95006
0.937948
0.94006
0.940194
0.944932
0.951267
0.956116
0.961992
0.964773
0.970511
0.976841
0.982688
0.988211
0.990981
0.993798
0.996807
0.997075
0.997351
0.997181
0.997397
0.997366
0.997253
0.997091
0.97769
0.983543
-0.514744
-0.795956
-0.770544
-0.736155
-0.745017
-0.751331
-0.635904
-0.508132
-0.125161
0.799495
0.828742
0.803077
0.43909
0.507232
0.450492
0.348137
0.476613
