0.669161
0.540003
0.146775
0.152464
0.20603
0.213052
0.208281
0.152996
0.131299
0.0865737
0.158178
0.103827
0.134598
0.119459
0.131172
0.151931
0.267622
0.260785
0.127011
0.213341
0.256297
0.354004
0.297186
0.307969
0.300876
0.230507
0.158005
0.194535
0.242746
0.257339
0.29291
0.17517
0.24828
0.117881
0.162074
0.182772
0.334782
0.325091
0.382956
0.357348
0.49461
0.682379
0.792021
0.796982
0.468576
0.659904
0.338362
0.195421
0.23145
0.759243
0.858619
0.880977
0.883384
0.858083
0.865205
0.837517
0.740837
0.631869
0.586594
0.510742
0.271926
0.0905372
0.138814
0.398245
0.591491
0.598693
0.734577
0.775122
0.875551
0.839883
0.860069
0.862703
0.8166
0.728009
0.849026
0.776685
0.470866
0.264158
0.204086
0.279721
0.13317
0.135275
0.151748
0.124935
0.15456
0.0986785
0.140824
0.199452
0.154166
0.20686
0.162134
0.125691
0.0768031
0.172113
0.59488
0.714688
0.871743
0.843396
0.713207
0.829851
0.859752
0.857474
0.85964
0.863387
0.860246
0.862612
0.844997
0.783608
0.84594
0.86942
0.8702
0.864972
0.865681
0.87687
0.767977
0.502984
0.185891
0.16933
0.30479
0.706227
0.795068
0.870813
0.871835
0.83775
0.60212
0.358721
0.208665
0.259678
0.160959
0.17538
0.209474
0.660901
0.727472
0.767061
0.846837
0.772168
0.844306
0.860149
0.863164
0.867476
0.664682
0.188471
0.195747
0.127275
0.164448
0.345415
0.205745
0.330975
0.0543819
0.270438
0.14462
0.15528
0.249453
0.276405
0.467618
0.6431
0.80693
0.775328
0.791331
0.827773
0.81986
0.818153
0.823861
0.807332
0.829863
0.834065
0.826187
0.832472
0.835788
0.83208
0.840428
0.775593
0.850039
0.83695
0.844856
0.843152
0.831317
0.833525
0.844128
0.786759
0.695275
0.188807
0.205997
0.142608
0.190891
0.229939
0.195041
0.159872
0.159008
0.187516
0.252726
0.422165
0.364848
0.180314
0.173824
0.149088
0.181948
0.285365
0.669161
0.540003
0.146775
0.152464
0.20603
0.213052
0.208281
0.152996
0.131299
0.0865737
0.158178
0.103827
0.134598
0.119459
0.131172
0.151931
0.267622
0.260785
0.127011
0.213341
0.256297
0.354004
0.297186
0.307969
0.300876
0.230507
0.158005
0.194535
0.242746
0.257339
0.29291
0.17517
0.24828
0.117881
0.162074
0.182772
0.334782
0.325091
0.382956
0.357348
0.49461
0.682379
0.792021
0.796982
0.468576
0.659904
0.338362
0.195421
0.23145
0.759243
0.858619
0.880977
0.883384
0.858083
0.865205
0.837517
0.740837
0.631869
0.586594
0.510742
0.271926
0.0905372
0.138814
0.398245
0.591491
0.598693
0.734577
0.775122
0.875551
0.839883
0.860069
0.862703
0.8166
0.728009
0.849026
0.776685
0.470866
0.264158
0.204086
0.279721
0.13317
0.135275
0.151748
0.124935
0.15456
0.0986785
0.140824
0.199452
0.154166
0.20686
0.162134
0.125691
0.0768031
0.172113
0.59488
0.714688
0.871743
0.843396
0.713207
0.829851
0.859752
0.857474
0.85964
0.863387
0.860246
0.862612
0.844997
0.783608
0.84594
0.86942
0.8702
0.864972
0.865681
0.87687
0.767977
0.502984
0.185891
0.16933
0.30479
0.706227
0.795068
0.870813
0.871835
0.83775
0.60212
0.358721
0.208665
0.259678
0.160959
0.17538
0.209474
0.660901
0.727472
0.767061
0.846837
0.772168
0.844306
0.860149
0.863164
0.867476
0.664682
0.188471
0.195747
0.127275
0.164448
0.345415
0.205745
0.330975
0.0543819
0.270438
0.14462
0.15528
0.249453
0.276405
0.467618
0.6431
0.80693
0.775328
0.791331
0.827773
0.81986
0.818153
0.823861
0.807332
0.829863
0.834065
0.826187
0.832472
0.835788
0.83208
0.840428
0.775593
0.850039
0.83695
0.844856
0.843152
0.831317
0.833525
0.844128
0.786759
0.695275
0.188807
0.205997
0.142608
0.190891
0.229939
0.195041
0.159872
0.159008
0.187516
0.252726
0.422165
0.364848
0.180314
0.173824
0.149088
0.181948
0.285365
0.934149
0.423677
0.248594
0.211871
0.282147
0.175492
0.119092
0.211755
0.171169
0.180876
0.20036
0.108913
0.123033
0.194762
0.177507
0.194864
0.264805
0.298087
0.179179
0.308338
0.202156
0.425882
0.27853
0.463086
0.31043
0.212358
0.160974
0.140638
0.258004
0.171791
0.461812
0.170106
0.327775
0.111774
0.265386
0.209096
0.197102
0.410456
0.525591
0.443193
0.369954
0.775379
0.852472
0.772565
0.548741
0.74049
0.211109
0.186811
0.202484
0.873095
0.912496
0.914378
0.913893
0.912307
0.914898
0.909941
0.816338
0.692068
0.654582
0.618245
0.179701
0.0510902
0.17091
0.355656
0.618039
0.747733
0.883529
0.889817
0.88143
0.902064
0.901725
0.884251
0.860553
0.861853
0.880356
0.824236
0.372962
0.368498
0.208206
0.193275
0.124955
0.198042
0.14343
0.171451
0.186672
0.15905
0.127522
0.239606
0.198387
0.219234
0.106957
0.157476
0.145418
0.186561
0.525441
0.803305
0.871592
0.871715
0.787121
0.884797
0.893934
0.89432
0.894009
0.896804
0.900299
0.900477
0.899657
0.831158
0.894525
0.902451
0.904366
0.904726
0.902783
0.896878
0.818616
0.665525
0.251389
0.153283
0.193177
0.714974
0.845526
0.898708
0.901374
0.878699
0.773357
0.198157
0.236979
0.341958
0.208809
0.238947
0.537105
0.631604
0.846615
0.811198
0.872732
0.814836
0.888193
0.897079
0.896448
0.880791
0.797029
0.376006
0.182845
0.135145
0.23082
0.33603
0.174233
0.330266
0.246239
0.39158
0.134849
0.169556
0.195222
0.315483
0.512464
0.623885
0.829842
0.858076
0.86787
0.865557
0.871556
0.874474
0.880098
0.866471
0.862025
0.863278
0.865959
0.867083
0.868034
0.867713
0.859928
0.836872
0.864362
0.867972
0.870316
0.869231
0.870963
0.870846
0.889021
0.79927
0.815644
0.126924
0.29425
0.218661
0.169364
0.249334
0.171829
0.197535
0.201784
0.141327
0.314682
0.383301
0.251872
0.195875
0.153428
0.178876
0.16547
0.30576
0.934149
0.423677
0.248594
0.211871
0.282147
0.175492
0.119092
0.211755
0.171169
0.180876
0.20036
0.108913
0.123033
0.194762
0.177507
0.194864
0.264805
0.298087
0.179179
0.308338
0.202156
0.425882
0.27853
0.463086
0.31043
0.212358
0.160974
0.140638
0.258004
0.171791
0.461812
0.170106
0.327775
0.111774
0.265386
0.209096
0.197102
0.410456
0.525591
0.443193
0.369954
0.775379
0.852472
0.772565
0.548741
0.74049
0.211109
0.186811
0.202484
0.873095
0.912496
0.914378
0.913893
0.912307
0.914898
0.909941
0.816338
0.692068
0.654582
0.618245
0.179701
0.0510902
0.17091
0.355656
0.618039
0.747733
0.883529
0.889817
0.88143
0.902064
0.901725
0.884251
0.860553
0.861853
0.880356
0.824236
0.372962
0.368498
0.208206
0.193275
0.124955
0.198042
0.14343
0.171451
0.186672
0.15905
0.127522
0.239606
0.198387
0.219234
0.106957
0.157476
0.145418
0.186561
0.525441
0.803305
0.871592
0.871715
0.787121
0.884797
0.893934
0.89432
0.894009
0.896804
0.900299
0.900477
0.899657
0.831158
0.894525
0.902451
0.904366
0.904726
0.902783
0.896878
0.818616
0.665525
0.251389
0.153283
0.193177
0.714974
0.845526
0.898708
0.901374
0.878699
0.773357
0.198157
0.236979
0.341958
0.208809
0.238947
0.537105
0.631604
0.846615
0.811198
0.872732
0.814836
0.888193
0.897079
0.896448
0.880791
0.797029
0.376006
0.182845
0.135145
0.23082
0.33603
0.174233
0.330266
0.246239
0.39158
0.134849
0.169556
0.195222
0.315483
0.512464
0.623885
0.829842
0.858076
0.86787
0.865557
0.871556
0.874474
0.880098
0.866471
0.862025
0.863278
0.865959
0.867083
0.868034
0.867713
0.859928
0.836872
0.864362
0.867972
0.870316
0.869231
0.870963
0.870846
0.889021
0.79927
0.815644
0.126924
0.29425
0.218661
0.169364
0.249334
0.171829
0.197535
0.201784
0.141327
0.314682
0.383301
0.251872
0.195875
0.153428
0.178876
0.16547
0.30576
0.934149
0.423677
0.248594
0.211871
0.282147
0.175492
0.119092
0.211755
0.171169
0.180876
0.20036
0.108913
0.123033
0.194762
0.177507
0.194864
0.264805
0.298087
0.179179
0.308338
0.202156
0.425882
0.27853
0.463086
0.31043
0.212358
0.160974
0.140638
0.258004
0.171791
0.461812
0.170106
0.327775
0.111774
0.265386
0.209096
0.197102
0.410456
0.525591
0.443193
0.369954
0.775379
0.852472
0.772565
0.548741
0.74049
0.211109
0.186811
0.202484
0.873095
0.912496
0.914378
0.913893
0.912307
0.914898
0.909941
0.816338
0.692068
0.654582
0.618245
0.179701
0.0510902
0.17091
0.355656
0.618039
0.747733
0.883529
0.889817
0.88143
0.902064
0.901725
0.884251
0.860553
0.861853
0.880356
0.824236
0.372962
0.368498
0.208206
0.193275
0.124955
0.198042
0.14343
0.171451
0.186672
0.15905
0.127522
0.239606
0.198387
0.219234
0.106957
0.157476
0.145418
0.186561
0.525441
0.803305
0.871592
0.871715
0.787121
0.884797
0.893934
0.89432
0.894009
0.896804
0.900299
0.900477
0.899657
0.831158
0.894525
0.902451
0.904366
0.904726
0.902783
0.896878
0.818616
0.665525
0.251389
0.153283
0.193177
0.714974
0.845526
0.898708
0.901374
0.878699
0.773357
0.198157
0.236979
0.341958
0.208809
0.238947
0.537105
0.631604
0.846615
0.811198
0.872732
0.814836
0.888193
0.897079
0.896448
0.880791
0.797029
0.376006
0.182845
0.135145
0.23082
0.33603
0.174233
0.330266
0.246239
0.39158
0.134849
0.169556
0.195222
0.315483
0.512464
0.623885
0.829842
0.858076
0.86787
0.865557
0.871556
0.874474
0.880098
0.866471
0.862025
0.863278
0.865959
0.867083
0.868034
0.867713
0.859928
0.836872
0.864362
0.867972
0.870316
0.869231
0.870963
0.870846
0.889021
0.79927
0.815644
0.126924
0.29425
0.218661
0.169364
0.249334
0.171829
0.197535
0.201784
0.141327
0.314682
0.383301
0.251872
0.195875
0.153428
0.178876
0.16547
0.30576
